38 0.35909090909090907
50 0.011363636363636364
38 0.1409090909090909
50 0.1159090909090909
50 0.15
38 0.011363636363636364
50 0.19772727272727272
50 0.3022727272727272
38 0.09318181818181819
43 0.1613636363636364
31 0.18636363636363637
43 0.25681818181818183
43 0.1613636363636364
31 0.19772727272727272
43 0.022727272727272728
43 0.2681818181818182
43 0.12954545454545455
31 0.011363636363636364
43 0.18409090909090908
43 0.025
43 0.18409090909090908
31 0.16363636363636364
43 0.22045454545454543
43 0.175
31 0.022727272727272728
43 0.13863636363636364
31 0.22272727272727272
43 0.011363636363636364
43 0.26590909090909093
31 0.1159090909090909
43 0.025
43 0.20909090909090908
31 0.15
33 0.03409090909090909
45 0.011363636363636364
45 0.20909090909090908
33 0.10454545454545454
46 0.05909090909090909
34 0.011363636363636364
46 0.19772727272727272
34 0.1613636363636364
35 0.011363636363636364
47 0.013636363636363636
47 0.20909090909090908
35 0.09318181818181819
36 0.10454545454545454
48 0.19772727272727272
31 50