77 1.0227272727272727
79 0.1613636363636364
77 0.045454545454545456
81 0.11818181818181818
79 0.03409090909090909
45 0.2909090909090909
50 0.011363636363636364
53 0.011363636363636364
81 0.011363636363636364
65 0.056818181818181816
53 0.20909090909090908
69 0.013636363636363636
38 0.04772727272727273
53 0.09090909090909091
50 0.03636363636363636
84 0.07954545454545454
62 0.07045454545454545
57 0.011363636363636364
69 0.011363636363636364
84 0.07045454545454545
65 0.011363636363636364
60 0.19772727272727272
84 0.056818181818181816
62 0.013636363636363636
53 0.011363636363636364
62 0.2545454545454545
38 0.022727272727272728
45 0.011363636363636364
67 0.013636363636363636
64 0.011363636363636364
50 0.011363636363636364
60 0.022727272727272728
57 0.08181818181818182
60 0.10454545454545454
67 0.045454545454545456
55 0.011363636363636364
57 0.25681818181818183
64 0.03409090909090909
76 0.08181818181818182
69 0.011363636363636364
45 0.011363636363636364
64 0.1159090909090909
69 0.175
52 0.05909090909090909
60 0.045454545454545456
84 0.08181818181818182
57 0.10454545454545454
45 0.03409090909090909
64 0.022727272727272728
58 0.013636363636363636
46 0.011363636363636364
53 0.011363636363636364
74 0.12727272727272726
62 0.011363636363636364
77 0.05909090909090909
58 0.22045454545454543
53 0.22045454545454543
53 0.011363636363636364
58 0.22045454545454543
65 0.03409090909090909
62 0.08181818181818182
69 0.011363636363636364
69 0.13863636363636364
81 0.013636363636363636
65 0.011363636363636364
46 0.045454545454545456
62 0.045454545454545456
53 0.03636363636363636
48 0.03409090909090909
70 0.1159090909090909
82 0.011363636363636364
69 0.04772727272727273
67 0.10454545454545454
69 0.18636363636363637
67 0.011363636363636364
67 0.011363636363636364
48 0.011363636363636364
60 0.1159090909090909
48 0.03636363636363636
55 0.011363636363636364
67 0.011363636363636364
79 0.011363636363636364
49 0.04772727272727273
67 0.07954545454545454
81 0.011363636363636364
61 0.09318181818181819
65 0.09318181818181819
57 0.175
49 0.09318181818181819
81 0.022727272727272728
46 0.022727272727272728
58 0.011363636363636364
53 0.011363636363636364
46 0.16363636363636364
65 0.15
46 0.011363636363636364
50 0.1409090909090909
46 0.022727272727272728
77 0.10454545454545454
58 0.056818181818181816
46 0.011363636363636364
53 0.04772727272727273
65 0.056818181818181816
58 0.05909090909090909
53 0.022727272727272728
74 0.2681818181818182
46 0.022727272727272728
53 0.013636363636363636
50 0.09090909090909091
74 0.013636363636363636
58 0.011363636363636364
77 0.03409090909090909
60 0.011363636363636364
48 0.011363636363636364
55 0.011363636363636364
46 0.025
58 0.03409090909090909
48 0.08181818181818182
55 0.17272727272727273
72 0.011363636363636364
52 0.04772727272727273
58 0.045454545454545456
48 0.04772727272727273
60 0.011363636363636364
76 0.09318181818181819
64 0.045454545454545456
60 0.022727272727272728
48 0.011363636363636364
48 0.16363636363636364
72 0.07045454545454545
67 0.10454545454545454
60 0.011363636363636364
48 0.011363636363636364
72 0.1159090909090909
67 0.011363636363636364
55 0.011363636363636364
48 0.022727272727272728
52 0.09318181818181819
67 0.03409090909090909
72 0.013636363636363636
55 0.011363636363636364
48 0.011363636363636364
50 0.15
50 0.16363636363636364
69 0.03636363636363636
57 0.011363636363636364
50 0.10454545454545454
74 0.011363636363636364
62 0.03409090909090909
69 0.04772727272727273
50 0.07954545454545454
62 0.025
74 0.022727272727272728
57 0.12727272727272726
62 0.08181818181818182
57 0.056818181818181816
50 0.022727272727272728
69 0.025
50 0.13863636363636364
62 0.011363636363636364
57 0.011363636363636364
57 0.15227272727272728
69 0.15
50 0.15
57 0.04772727272727273
69 0.12727272727272726
74 0.09318181818181819
62 0.022727272727272728
57 0.011363636363636364
50 0.03636363636363636
52 0.045454545454545456
69 0.13863636363636364
41 0.011363636363636364
52 0.011363636363636364
69 0.1068181818181818
36 0.03409090909090909
48 0.011363636363636364
53 0.013636363636363636
36 0.1159090909090909
33 0.022727272727272728
48 0.011363636363636364
45 0.07045454545454545
33 0.056818181818181816
77 0.04772727272727273
65 0.011363636363636364
45 0.022727272727272728
57 0.1159090909090909
65 0.011363636363636364
38 0.011363636363636364
64 0.011363636363636364
38 0.12954545454545455
64 0.1613636363636364
77 0.011363636363636364
65 0.011363636363636364
57 0.08181818181818182
57 0.2545454545454545
65 0.013636363636363636
77 0.011363636363636364
67 0.13863636363636364
79 0.12727272727272726
67 0.03409090909090909
62 0.013636363636363636
57 0.07954545454545454
62 0.12954545454545455
69 0.011363636363636364
74 0.325
62 0.011363636363636364
74 0.1409090909090909
72 0.1159090909090909
62 0.10454545454545454
74 0.10454545454545454
76 0.1159090909090909
57 0.011363636363636364
69 0.011363636363636364
72 0.10454545454545454
69 0.045454545454545456
69 0.011363636363636364
62 0.03636363636363636
57 0.06818181818181818
69 0.04772727272727273
65 0.022727272727272728
62 0.04772727272727273
64 0.1159090909090909
64 0.1613636363636364
69 0.03409090909090909
62 0.1409090909090909
69 0.011363636363636364
65 0.17272727272727273
69 0.025
62 0.03409090909090909
67 0.09318181818181819
65 0.011363636363636364
77 0.011363636363636364
67 0.11818181818181818
79 0.15
62 0.022727272727272728
62 0.20909090909090908
74 0.3613636363636364
62 0.022727272727272728
74 0.12727272727272726
69 0.12727272727272726
62 0.011363636363636364
74 0.013636363636363636
69 0.26590909090909093
65 0.03409090909090909
67 0.011363636363636364
62 0.025
60 0.03409090909090909
60 0.15
67 0.08181818181818182
72 0.03409090909090909
62 0.013636363636363636
53 0.03409090909090909
77 0.022727272727272728
46 0.05909090909090909
65 0.056818181818181816
62 0.013636363636363636
58 0.10454545454545454
53 0.022727272727272728
46 0.011363636363636364
72 0.011363636363636364
62 0.011363636363636364
84 0.1159090909090909
53 0.013636363636363636
72 0.011363636363636364
62 0.03409090909090909
58 0.011363636363636364
65 0.1159090909090909
53 0.16363636363636364
65 0.09318181818181819
62 0.13863636363636364
58 0.1613636363636364
65 0.013636363636363636
62 0.011363636363636364
53 0.011363636363636364
67 0.08181818181818182
46 0.022727272727272728
58 0.03409090909090909
65 0.1159090909090909
62 0.022727272727272728
67 0.011363636363636364
46 0.013636363636363636
77 0.045454545454545456
58 0.03409090909090909
65 0.025
62 0.011363636363636364
53 0.12727272727272726
77 0.011363636363636364
65 0.011363636363636364
46 0.011363636363636364
53 0.15227272727272728
58 0.011363636363636364
46 0.022727272727272728
53 0.12727272727272726
74 0.022727272727272728
58 0.013636363636363636
62 0.09318181818181819
65 0.045454545454545456
46 0.011363636363636364
58 0.013636363636363636
46 0.13863636363636364
58 0.1159090909090909
65 0.022727272727272728
55 0.022727272727272728
53 0.011363636363636364
48 0.013636363636363636
46 0.022727272727272728
48 0.1159090909090909
60 0.022727272727272728
60 0.15
55 0.013636363636363636
55 0.13863636363636364
60 0.011363636363636364
48 0.011363636363636364
67 0.05909090909090909
48 0.07954545454545454
60 0.013636363636363636
76 0.022727272727272728
64 0.011363636363636364
55 0.15
76 0.08181818181818182
60 0.13863636363636364
48 0.011363636363636364
67 0.03636363636363636
55 0.056818181818181816
64 0.07045454545454545
48 0.10454545454545454
62 0.18636363636363637
48 0.05909090909090909
55 0.06818181818181818
60 0.18636363636363637
48 0.011363636363636364
62 0.09318181818181819
55 0.022727272727272728
60 0.025
60 0.15
48 0.19772727272727272
55 0.1613636363636364
74 0.16363636363636364
48 0.011363636363636364
65 0.022727272727272728
74 0.10454545454545454
57 0.03409090909090909
64 0.025
64 0.15
64 0.15
77 0.013636363636363636
62 0.011363636363636364
65 0.022727272727272728
62 0.2431818181818182
77 0.022727272727272728
57 0.03636363636363636
67 0.011363636363636364
74 0.1409090909090909
67 0.011363636363636364
62 0.15
57 0.011363636363636364
74 0.2681818181818182
50 0.011363636363636364
74 0.27954545454545454
62 0.022727272727272728
50 0.03409090909090909
57 0.011363636363636364
60 0.04772727272727273
62 0.056818181818181816
60 0.10454545454545454
48 0.03409090909090909
72 0.05909090909090909
62 0.022727272727272728
55 0.011363636363636364
55 0.1409090909090909
76 0.045454545454545456
72 0.022727272727272728
62 0.24545454545454545
48 0.011363636363636364
60 0.045454545454545456
76 0.011363636363636364
77 0.011363636363636364
65 0.011363636363636364
62 0.10454545454545454
77 0.025
57 0.011363636363636364
76 0.011363636363636364
64 0.013636363636363636
74 0.15
64 0.011363636363636364
76 0.07045454545454545
62 0.07954545454545454
65 0.013636363636363636
62 0.1613636363636364
65 0.022727272727272728
74 0.03636363636363636
62 0.10454545454545454
57 0.011363636363636364
65 0.022727272727272728
74 0.13863636363636364
67 0.011363636363636364
69 0.1409090909090909
62 0.011363636363636364
67 0.022727272727272728
72 0.08181818181818182
69 0.06818181818181818
62 0.1159090909090909
74 0.04772727272727273
69 0.1613636363636364
72 0.025
62 0.13863636363636364
57 0.022727272727272728
69 0.07045454545454545
57 0.08181818181818182
77 0.011363636363636364
65 0.011363636363636364
38 0.022727272727272728
74 0.03409090909090909
53 0.04772727272727273
65 0.025
38 0.056818181818181816
57 0.07045454545454545
60 0.045454545454545456
53 0.022727272727272728
65 0.011363636363636364
50 0.05909090909090909
50 0.19772727272727272
60 0.011363636363636364
77 0.022727272727272728
46 0.022727272727272728
58 0.011363636363636364
65 0.013636363636363636
53 0.03409090909090909
58 0.09318181818181819
46 0.15
67 0.022727272727272728
46 0.04772727272727273
58 0.1159090909090909
77 0.011363636363636364
53 0.011363636363636364
53 0.13863636363636364
53 0.175
77 0.011363636363636364
65 0.16363636363636364
65 0.056818181818181816
53 0.3022727272727272
48 0.011363636363636364
48 0.18636363636363637
46 0.09318181818181819
65 0.12954545454545455
53 0.022727272727272728
62 0.022727272727272728
46 0.05909090909090909
58 0.011363636363636364
65 0.045454545454545456
53 0.045454545454545456
77 0.11818181818181818
53 0.045454545454545456
65 0.12727272727272726
46 0.04772727272727273
41 0.011363636363636364
77 0.022727272727272728
65 0.10454545454545454
41 0.12727272727272726
58 0.04772727272727273
53 0.022727272727272728
48 0.011363636363636364
46 0.056818181818181816
48 0.08181818181818182
60 0.18636363636363637
55 0.011363636363636364
48 0.15
76 0.18636363636363637
60 0.011363636363636364
55 0.11818181818181818
48 0.011363636363636364
60 0.1159090909090909
55 0.04772727272727273
64 0.022727272727272728
48 0.045454545454545456
55 0.10454545454545454
67 0.011363636363636364
64 0.07045454545454545
76 0.022727272727272728
67 0.08181818181818182
77 0.045454545454545456
77 0.1409090909090909
55 0.12727272727272726
60 0.06818181818181818
77 0.09318181818181819
48 0.07045454545454545
77 0.1159090909090909
55 0.16363636363636364
67 0.011363636363636364
67 0.13863636363636364
55 0.09318181818181819
60 0.011363636363636364
48 0.011363636363636364
48 0.20909090909090908
67 0.011363636363636364
58 0.011363636363636364
46 0.011363636363636364
53 0.011363636363636364
58 0.12954545454545455
70 0.04772727272727273
50 0.022727272727272728
81 0.011363636363636364
53 0.2431818181818182
81 0.10454545454545454
53 0.07045454545454545
58 0.045454545454545456
81 0.1159090909090909
53 0.09318181818181819
81 0.07045454545454545
77 0.03409090909090909
53 0.04772727272727273
53 0.1613636363636364
62 0.04772727272727273
50 0.022727272727272728
58 0.011363636363636364
46 0.022727272727272728
57 0.011363636363636364
77 0.011363636363636364
45 0.04772727272727273
52 0.011363636363636364
48 0.1613636363636364
79 0.24545454545454545
52 0.011363636363636364
60 0.011363636363636364
57 0.15
60 0.16363636363636364
60 0.16363636363636364
72 0.011363636363636364
76 0.011363636363636364
57 0.08181818181818182
48 0.045454545454545456
72 0.04772727272727273
52 0.06818181818181818
60 0.07045454545454545
50 0.011363636363636364
45 0.011363636363636364
77 0.22045454545454543
53 0.011363636363636364
74 0.24545454545454545
45 0.011363636363636364
96 0.011363636363636364
77 0.045454545454545456
65 0.10454545454545454
62 0.10454545454545454
65 0.27954545454545454
96 0.12727272727272726
77 0.011363636363636364
45 0.10454545454545454
53 0.011363636363636364
50 0.025
43 0.011363636363636364
79 0.19772727272727272
47 0.03409090909090909
67 0.013636363636363636
67 0.12727272727272726
71 0.011363636363636364
55 0.022727272727272728
50 0.07045454545454545
77 0.022727272727272728
96 0.022727272727272728
71 0.022727272727272728
31 0.09318181818181819
55 0.022727272727272728
62 0.15227272727272728
96 0.022727272727272728
31 0.07045454545454545
47 0.17272727272727273
77 0.12954545454545455
50 0.07954545454545454
67 0.05909090909090909
43 0.03409090909090909
65 0.13863636363636364
67 0.07045454545454545
65 0.1159090909090909
77 0.10454545454545454
34 0.03409090909090909
67 0.013636363636363636
53 0.13863636363636364
34 0.056818181818181816
53 0.1068181818181818
67 0.011363636363636364
81 0.13863636363636364
69 0.05909090909090909
53 0.022727272727272728
81 0.08181818181818182
34 0.011363636363636364
67 0.011363636363636364
69 0.022727272727272728
70 0.08181818181818182
58 0.011363636363636364
53 0.05909090909090909
46 0.011363636363636364
34 0.045454545454545456
67 0.03636363636363636
67 0.056818181818181816
39 0.022727272727272728
46 0.011363636363636364
58 0.013636363636363636
70 0.03409090909090909
34 0.022727272727272728
34 0.13863636363636364
82 0.013636363636363636
46 0.011363636363636364
39 0.045454545454545456
67 0.022727272727272728
53 0.05909090909090909
34 0.011363636363636364
46 0.011363636363636364
70 0.045454545454545456
65 0.18636363636363637
67 0.011363636363636364
77 0.31363636363636366
67 0.011363636363636364
65 0.011363636363636364
39 0.03636363636363636
67 0.09318181818181819
77 0.011363636363636364
65 0.011363636363636364
39 0.08181818181818182
67 0.03409090909090909
65 0.05909090909090909
77 0.13863636363636364
72 0.17272727272727273
67 0.013636363636363636
72 0.1613636363636364
82 0.16363636363636364
72 0.011363636363636364
46 0.07954545454545454
58 0.013636363636363636
46 0.1613636363636364
58 0.09318181818181819
70 0.045454545454545456
82 0.10454545454545454
70 0.04772727272727273
82 0.10454545454545454
70 0.15
46 0.03636363636363636
46 0.2318181818181818
53 0.2681818181818182
46 0.1613636363636364
62 0.011363636363636364
50 0.011363636363636364
34 0.09318181818181819
53 0.011363636363636364
65 0.10454545454545454
62 0.03636363636363636
81 0.011363636363636364
65 0.10454545454545454
46 0.03409090909090909
50 0.07045454545454545
81 0.011363636363636364
58 0.011363636363636364
34 0.12727272727272726
53 0.011363636363636364
46 0.011363636363636364
62 0.025
58 0.022727272727272728
53 0.08181818181818182
79 0.19545454545454546
53 0.04772727272727273
65 0.045454545454545456
34 0.08181818181818182
77 0.011363636363636364
46 0.03636363636363636
53 0.03409090909090909
79 0.07045454545454545
65 0.07045454545454545
53 0.17272727272727273
46 0.07045454545454545
34 0.27954545454545454
79 0.056818181818181816
50 0.022727272727272728
65 0.011363636363636364
67 0.16363636363636364
65 0.011363636363636364
81 0.15227272727272728
69 0.011363636363636364
67 0.022727272727272728
81 0.2318181818181818
84 0.05909090909090909
72 0.011363636363636364
53 0.09318181818181819
65 0.022727272727272728
65 0.1613636363636364
69 0.04772727272727273
53 0.022727272727272728
53 0.011363636363636364
69 0.13863636363636364
72 0.04772727272727273
84 0.011363636363636364
65 0.011363636363636364
72 0.12954545454545455
84 0.03409090909090909
72 0.10454545454545454
53 0.09318181818181819
84 0.056818181818181816
65 0.013636363636363636
72 0.022727272727272728
53 0.06818181818181818
62 0.013636363636363636
53 0.15
62 0.011363636363636364
65 0.07045454545454545
64 0.011363636363636364
60 0.022727272727272728
67 0.10454545454545454
76 0.05909090909090909
48 0.011363636363636364
67 0.09090909090909091
76 0.05909090909090909
48 0.09318181818181819
60 0.12727272727272726
67 0.05909090909090909
74 0.011363636363636364
48 0.022727272727272728
64 0.011363636363636364
79 0.03409090909090909
48 0.1409090909090909
86 0.022727272727272728
79 0.08181818181818182
48 0.056818181818181816
86 0.05909090909090909
60 0.06818181818181818
72 0.013636363636363636
84 0.15
48 0.013636363636363636
74 0.011363636363636364
50 0.045454545454545456
60 0.03409090909090909
69 0.013636363636363636
50 0.12727272727272726
72 0.08181818181818182
50 0.09090909090909091
53 0.013636363636363636
72 0.06818181818181818
50 0.08181818181818182
53 0.022727272727272728
84 0.13863636363636364
72 0.013636363636363636
69 0.2431818181818182
50 0.011363636363636364
72 0.03409090909090909
46 0.03636363636363636
81 0.06818181818181818
82 0.022727272727272728
69 0.025
46 0.09318181818181819
50 0.045454545454545456
82 0.13863636363636364
69 0.04772727272727273
60 0.13863636363636364
52 0.08181818181818182
60 0.09318181818181819
48 0.011363636363636364
67 0.011363636363636364
69 0.011363636363636364
52 0.056818181818181816
48 0.08409090909090909
55 0.011363636363636364
48 0.15
70 0.011363636363636364
55 0.025
79 0.022727272727272728
67 0.08181818181818182
52 0.06818181818181818
52 0.011363636363636364
48 0.04772727272727273
82 0.03409090909090909
67 0.022727272727272728
69 0.011363636363636364
52 0.1409090909090909
60 0.09318181818181819
50 0.03409090909090909
69 0.011363636363636364
69 0.15
50 0.013636363636363636
81 0.06818181818181818
46 0.07045454545454545
69 0.09318181818181819
50 0.011363636363636364
50 0.1613636363636364
46 0.16363636363636364
46 0.011363636363636364
81 0.18636363636363637
69 0.10454545454545454
46 0.011363636363636364
67 0.022727272727272728
67 0.15227272727272728
46 0.1159090909090909
46 0.19772727272727272
81 0.056818181818181816
50 0.013636363636363636
67 0.12727272727272726
50 0.011363636363636364
46 0.011363636363636364
50 0.13863636363636364
69 0.011363636363636364
46 0.025
81 0.35909090909090907
69 0.08181818181818182
67 0.03409090909090909
46 0.07045454545454545
50 0.07954545454545454
69 0.013636363636363636
67 0.022727272727272728
55 0.011363636363636364
55 0.18636363636363637
81 0.09318181818181819
82 0.011363636363636364
69 0.011363636363636364
81 0.15
69 0.011363636363636364
47 0.03636363636363636
47 0.13863636363636364
74 0.1409090909090909
81 0.022727272727272728
69 0.022727272727272728
98 0.04772727272727273
86 0.056818181818181816
67 0.03409090909090909
98 0.10454545454545454
67 0.05909090909090909
55 0.011363636363636364
73 0.16363636363636364
55 0.06818181818181818
74 0.09318181818181819
55 0.08181818181818182
74 0.09318181818181819
79 0.056818181818181816
64 0.03636363636363636
55 0.056818181818181816
64 0.12727272727272726
77 0.03636363636363636
55 0.17272727272727273
77 0.03636363636363636
55 0.10454545454545454
69 0.022727272727272728
65 0.011363636363636364
57 0.022727272727272728
57 0.27954545454545454
72 0.011363636363636364
81 0.025
53 0.022727272727272728
69 0.07045454545454545
65 0.15
69 0.03409090909090909
72 0.07045454545454545
53 0.022727272727272728
69 0.05909090909090909
65 0.06818181818181818
84 0.04772727272727273
72 0.011363636363636364
53 0.1159090909090909
57 0.022727272727272728
84 0.03409090909090909
72 0.08181818181818182
57 0.03636363636363636
53 0.03409090909090909
65 0.08181818181818182
65 0.011363636363636364
77 0.011363636363636364
72 0.045454545454545456
62 0.20909090909090908
65 0.03636363636363636
76 0.03409090909090909
64 0.011363636363636364
67 0.05909090909090909
48 0.12727272727272726
76 0.011363636363636364
48 0.1613636363636364
60 0.1409090909090909
86 0.1409090909090909
74 0.022727272727272728
76 0.011363636363636364
79 0.08181818181818182
60 0.022727272727272728
79 0.1613636363636364
86 0.15227272727272728
60 0.056818181818181816
48 0.16363636363636364
74 0.022727272727272728
50 0.05909090909090909
60 0.011363636363636364
69 0.03409090909090909
84 0.2681818181818182
72 0.1159090909090909
84 0.07954545454545454
72 0.175
84 0.2318181818181818
69 0.022727272727272728
69 0.011363636363636364
72 0.025
81 0.10454545454545454
82 0.022727272727272728
69 0.011363636363636364
50 0.12954545454545455
55 0.03409090909090909
82 0.1159090909090909
55 0.022727272727272728
69 0.011363636363636364
60 0.08181818181818182
55 0.09318181818181819
81 0.15227272727272728
67 0.011363636363636364
69 0.011363636363636364
55 0.15
55 0.011363636363636364
48 0.12727272727272726
52 0.03636363636363636
70 0.011363636363636364
79 0.022727272727272728
55 0.12727272727272726
48 0.10454545454545454
82 0.022727272727272728
67 0.03636363636363636
69 0.011363636363636364
55 0.011363636363636364
60 0.045454545454545456
52 0.03636363636363636
57 0.18636363636363637
81 0.19545454545454546
53 0.011363636363636364
53 0.15227272727272728
57 0.03409090909090909
67 0.1409090909090909
69 0.011363636363636364
53 0.011363636363636364
53 0.18636363636363637
62 0.011363636363636364
81 0.15227272727272728
69 0.056818181818181816
62 0.05909090909090909
79 0.03409090909090909
67 0.011363636363636364
57 0.08181818181818182
67 0.056818181818181816
69 0.011363636363636364
50 0.175
50 0.19772727272727272
50 0.011363636363636364
81 0.022727272727272728
79 0.09318181818181819
67 0.011363636363636364
67 0.15227272727272728
69 0.011363636363636364
69 0.18409090909090908
81 0.19772727272727272
69 0.09318181818181819
67 0.022727272727272728
50 0.07272727272727272
84 0.06818181818181818
72 0.011363636363636364
79 0.025
84 0.17272727272727273
67 0.07045454545454545
72 0.07045454545454545
70 0.011363636363636364
81 0.15
69 0.011363636363636364
86 0.31363636363636366
74 0.011363636363636364
69 0.07045454545454545
86 0.056818181818181816
67 0.20909090909090908
74 0.10454545454545454
45 0.08181818181818182
52 0.07045454545454545
55 0.045454545454545456
57 0.011363636363636364
79 0.05909090909090909
57 0.09318181818181819
45 0.15
67 0.022727272727272728
52 0.05909090909090909
55 0.07045454545454545
77 0.05909090909090909
67 0.06818181818181818
79 0.10454545454545454
77 0.16363636363636364
79 0.011363636363636364
84 0.15
84 0.18636363636363637
81 0.07045454545454545
77 0.011363636363636364
62 0.011363636363636364
81 0.2431818181818182
81 0.011363636363636364
43 0.04772727272727273
62 0.03409090909090909
43 0.2431818181818182
77 0.011363636363636364
70 0.3022727272727272
67 0.022727272727272728
82 0.1159090909090909
70 0.04772727272727273
67 0.013636363636363636
62 0.09090909090909091
76 0.03636363636363636
64 0.011363636363636364
57 0.011363636363636364
81 0.1159090909090909
76 0.04772727272727273
76 0.011363636363636364
57 0.07954545454545454
69 0.04772727272727273
81 0.022727272727272728
67 0.022727272727272728
79 0.03636363636363636
64 0.022727272727272728
67 0.2318181818181818
64 0.022727272727272728
69 0.13863636363636364
81 0.013636363636363636
76 0.022727272727272728
64 0.3022727272727272
74 0.011363636363636364
57 0.011363636363636364
69 0.011363636363636364
81 0.011363636363636364
50 0.1159090909090909
62 0.022727272727272728
69 0.1409090909090909
57 0.06818181818181818
62 0.16363636363636364
57 0.1409090909090909
69 0.19772727272727272
62 0.022727272727272728
74 0.06818181818181818
57 0.05909090909090909
57 0.011363636363636364
50 0.18636363636363637
50 0.011363636363636364
57 0.07045454545454545
69 0.056818181818181816
50 0.09318181818181819
62 0.045454545454545456
74 0.011363636363636364
69 0.025
53 0.1159090909090909
77 0.045454545454545456
77 0.011363636363636364
60 0.011363636363636364
77 0.15227272727272728
53 0.1159090909090909
77 0.08181818181818182
60 0.022727272727272728
72 0.08181818181818182
65 0.022727272727272728
55 0.011363636363636364
69 0.10454545454545454
72 0.05909090909090909
81 0.06818181818181818
62 0.011363636363636364
50 0.16363636363636364
72 0.09318181818181819
62 0.011363636363636364
55 0.04772727272727273
50 0.045454545454545456
72 0.31363636363636366
69 0.03409090909090909
50 0.03636363636363636
65 0.1159090909090909
69 0.011363636363636364
62 0.1159090909090909
72 0.20909090909090908
77 0.045454545454545456
65 0.013636363636363636
72 0.18409090909090908
62 0.1409090909090909
69 0.06818181818181818
50 0.022727272727272728
70 0.03636363636363636
55 0.045454545454545456
52 0.011363636363636364
79 0.011363636363636364
72 0.03636363636363636
60 0.056818181818181816
52 0.10454545454545454
70 0.04772727272727273
69 0.022727272727272728
60 0.011363636363636364
55 0.12727272727272726
69 0.013636363636363636
52 0.011363636363636364
55 0.1159090909090909
60 0.05909090909090909
76 0.022727272727272728
55 0.08181818181818182
60 0.045454545454545456
48 0.03409090909090909
76 0.025
67 0.15
72 0.022727272727272728
48 0.07045454545454545
72 0.07045454545454545
52 0.07954545454545454
65 0.04772727272727273
62 0.011363636363636364
60 0.011363636363636364
72 0.03409090909090909
57 0.011363636363636364
62 0.15227272727272728
65 0.12727272727272726
57 0.045454545454545456
62 0.1159090909090909
65 0.013636363636363636
57 0.056818181818181816
62 0.13863636363636364
57 0.04772727272727273
65 0.022727272727272728
62 0.22045454545454543
65 0.011363636363636364
57 0.022727272727272728
62 0.16590909090909092
74 0.022727272727272728
57 0.06818181818181818
62 0.1159090909090909
57 0.11818181818181818
74 0.022727272727272728
65 0.09318181818181819
62 0.06818181818181818
57 0.16363636363636364
74 0.045454545454545456
65 0.04772727272727273
62 0.03409090909090909
74 0.20909090909090908
62 0.475
57 0.025
65 0.022727272727272728
57 0.12727272727272726
57 0.011363636363636364
65 0.07045454545454545
67 0.06818181818181818
79 0.17727272727272728
62 0.09318181818181819
67 0.011363636363636364
57 0.022727272727272728
77 0.011363636363636364
53 0.022727272727272728
62 0.12727272727272726
60 0.011363636363636364
77 0.013636363636363636
65 0.022727272727272728
53 0.022727272727272728
62 0.08181818181818182
69 0.022727272727272728
72 0.05909090909090909
57 0.09090909090909091
67 0.03636363636363636
72 0.03409090909090909
60 0.022727272727272728
57 0.05909090909090909
67 0.03409090909090909
48 0.13863636363636364
79 0.025
77 0.022727272727272728
65 0.011363636363636364
60 0.03409090909090909
69 0.03636363636363636
67 0.011363636363636364
65 0.056818181818181816
48 0.011363636363636364
48 0.011363636363636364
69 0.08181818181818182
48 0.07045454545454545
60 0.011363636363636364
65 0.011363636363636364
60 0.175
48 0.011363636363636364
67 0.022727272727272728
64 0.10454545454545454
48 0.011363636363636364
64 0.15227272727272728
48 0.011363636363636364
69 0.09318181818181819
76 0.03409090909090909
77 0.013636363636363636
64 0.011363636363636364
60 0.011363636363636364
48 0.07954545454545454
67 0.03636363636363636
65 0.03409090909090909
60 0.022727272727272728
50 0.025
65 0.15
77 0.011363636363636364
67 0.15227272727272728
67 0.2772727272727273
65 0.03409090909090909
65 0.1409090909090909
72 0.022727272727272728
60 0.011363636363636364
77 0.011363636363636364
50 0.011363636363636364
62 0.03636363636363636
72 0.10454545454545454
60 0.011363636363636364
69 0.15
67 0.011363636363636364
60 0.03636363636363636
62 0.022727272727272728
72 0.011363636363636364
79 0.045454545454545456
50 0.03636363636363636
55 0.022727272727272728
67 0.045454545454545456
79 0.05909090909090909
55 0.045454545454545456
65 0.011363636363636364
60 0.03636363636363636
67 0.045454545454545456
65 0.07045454545454545
77 0.03409090909090909
55 0.1068181818181818
48 0.011363636363636364
60 0.011363636363636364
77 0.011363636363636364
60 0.18636363636363637
64 0.15
52 0.022727272727272728
60 0.08181818181818182
67 0.011363636363636364
55 0.04772727272727273
76 0.022727272727272728
52 0.022727272727272728
64 0.1159090909090909
76 0.03409090909090909
55 0.03636363636363636
67 0.011363636363636364
48 0.03409090909090909
52 0.011363636363636364
60 0.011363636363636364
69 0.013636363636363636
65 0.011363636363636364
50 0.011363636363636364
38 0.08181818181818182
81 0.07954545454545454
62 0.10454545454545454
74 0.03636363636363636
81 0.06818181818181818
50 0.04772727272727273
38 0.045454545454545456
62 0.16363636363636364
81 0.2772727272727273
81 0.1409090909090909
62 0.07045454545454545
65 0.045454545454545456
50 0.04772727272727273
62 0.33636363636363636
62 0.19772727272727272
62 0.011363636363636364
81 0.022727272727272728
69 0.07045454545454545
62 0.13863636363636364
69 0.056818181818181816
62 0.1159090909090909
65 0.04772727272727273
62 0.1159090909090909
62 0.011363636363636364
81 0.022727272727272728
65 0.27954545454545454
81 0.09318181818181819
65 0.056818181818181816
81 0.175
65 0.20909090909090908
65 0.19772727272727272
62 0.09318181818181819
62 0.18636363636363637
81 0.011363636363636364
65 0.1159090909090909
62 0.175
69 0.045454545454545456
50 0.22045454545454543
65 0.04772727272727273
50 0.7545454545454545
31 98