60 0.4659090909090909
62 0.022727272727272728
62 0.1613636363636364
62 0.013636363636363636
60 0.04772727272727273
60 0.011363636363636364
33 0.04772727272727273
33 0.18636363636363637
60 0.16363636363636364
34 0.17272727272727273
62 0.20909090909090908
62 0.19772727272727272
34 0.09318181818181819
76 0.5795454545454546
69 0.011363636363636364
69 0.15
76 0.05909090909090909
65 2.2886363636363636
77 0.06818181818181818
65 0.5931818181818181
77 0.1159090909090909
65 0.10454545454545454
77 0.13863636363636364
65 0.09318181818181819
77 0.13863636363636364
77 0.011363636363636364
65 0.013636363636363636
77 0.5
65 0.12727272727272726
62 0.48863636363636365
64 0.08181818181818182
74 0.09318181818181819
62 0.2318181818181818
72 0.24545454545454545
60 0.011363636363636364
62 0.022727272727272728
72 0.26590909090909093
60 0.41818181818181815
38 0.2909090909090909
69 0.19772727272727272
69 0.175
74 0.26590909090909093
74 0.20909090909090908
69 0.1159090909090909
74 0.09318181818181819
69 0.1159090909090909
74 0.04772727272727273
38 0.022727272727272728
58 0.20909090909090908
77 0.045454545454545456
65 0.022727272727272728
46 0.013636363636363636
58 0.17272727272727273
46 0.1159090909090909
58 0.05909090909090909
46 0.08181818181818182
65 0.011363636363636364
77 0.06818181818181818
58 0.011363636363636364
46 0.08181818181818182
62 0.12727272727272726
46 0.31363636363636366
77 0.022727272727272728
62 0.011363636363636364
77 0.1409090909090909
45 0.07954545454545454
60 0.09318181818181819
45 0.09318181818181819
60 0.1159090909090909
43 0.39545454545454545
62 0.011363636363636364
43 0.175
62 0.9181818181818182
62 0.22045454545454543
69 0.1613636363636364
65 0.022727272727272728
77 0.1159090909090909
77 0.20909090909090908
65 0.022727272727272728
65 0.18409090909090908
67 0.12727272727272726
65 0.013636363636363636
67 0.15
34 0.022727272727272728
34 0.19772727272727272
34 0.1409090909090909
81 0.19772727272727272
34 0.2431818181818182
81 0.03409090909090909
64 0.1159090909090909
33 0.011363636363636364
76 0.011363636363636364
64 0.13863636363636364
76 0.07045454545454545
76 0.011363636363636364
33 0.08181818181818182
76 0.2772727272727273
72 0.7772727272727272
34 0.10454545454545454
69 0.12727272727272726
34 0.022727272727272728
72 0.011363636363636364
81 0.7318181818181818
69 0.1159090909090909
81 0.04772727272727273
69 0.19545454545454546
79 0.175
29 0.1068181818181818
79 0.03409090909090909
72 0.19772727272727272
72 0.1613636363636364
29 0.175
79 0.011363636363636364
67 0.10454545454545454
79 0.08181818181818182
67 0.6863636363636364
77 0.011363636363636364
29 0.2545454545454545
77 0.05909090909090909
84 0.15
29 0.03409090909090909
77 0.03636363636363636
84 0.08181818181818182
64 0.011363636363636364
33 0.13863636363636364
64 0.15
33 0.22045454545454543
30 0.05909090909090909
64 0.07954545454545454
30 0.08181818181818182
64 0.12727272727272726
64 0.15227272727272728
40 0.10454545454545454
41 0.2545454545454545
65 0.011363636363636364
65 0.1409090909090909
41 0.3704545454545455
38 0.011363636363636364
62 0.12727272727272726
38 0.13863636363636364
66 0.65
38 0.011363636363636364
81 0.15
38 0.18636363636363637
66 0.011363636363636364
81 0.1159090909090909
81 0.12954545454545455
62 0.10454545454545454
69 0.06818181818181818
50 0.022727272727272728
65 0.025
62 0.12727272727272726
69 0.025
81 0.011363636363636364
65 0.12727272727272726
81 0.022727272727272728
50 0.04772727272727273
50 0.13863636363636364
69 0.08181818181818182
69 0.13863636363636364
69 0.3477272727272727
50 0.18636363636363637
69 0.03409090909090909
81 0.37272727272727274
81 0.05909090909090909
81 0.18636363636363637
29 84